spawns:
  default:
    world: 26a320d8-fe0d-4d91-b7e3-48c231aeef34
    world-name: prots
    x: -451.2690938417902
    y: 127.0
    z: -1205.7517692032818
    yaw: -91.314453125
    pitch: 3.253140926361084
